START 2026-03-05T04:19:53.7718408+09:00
DISM_WSL_EXIT=3010
DISM_VMP_EXIT=3010
WSL_SET_DEFAULT_EXIT=0
WSL_INSTALL_UBUNTU_EXIT=0
END 2026-03-05T04:19:55.7961951+09:00
